装力量在本身也必须用于不同的方面。德国和奥匈的陆军几乎是专为打一场欧洲战争而设置的——除了奥匈一些部队用于占领波斯尼亚和黑塞哥维那。法国人需要在摩洛哥留驻一支大部队；俄国人则是在远东；英国在印度的驻军人数比在国内还多，而且它是保有一支十万人以上的海军的唯一强国。

研究一下各大强国用于武装部队的开支也许会得到更有用的结果。但在这里也必须提醒几点。海军所需的费用大于陆军，而一支由志愿兵组成的军队又要比一支由义务兵组成的军队化费更多一些。因此就产生了这样一个似乎奇怪的现象，即在本书所述的大部分时期内，有大部分时间英国在各大强国中是最军国主义化的。我们也很难说哪一个国家的军费化得最出成果——也许德国最好，俄国当然是最差的。作为国力强大的指数，只有国防概算总数是重要的；但我分列出陆军和海军的概算，因为这是很有兴趣的事情，只要看一看英国几乎直到19世纪末叶化在陆军上的钱反而多于海军这个奇特的事实就足以说明了。

表二 各大强国陆军军费概算(1870—1914)
单位：百万英镑
德国 9.6 18.2 24.2 33.6 40.8 88.4
奥匈 7.4 12.4 11.6 12 14.6 28.6
法国 15 22.8 28.4 27.8 37.6 39.4
英国 13.4 15 17.6 21.4 27.6 29.4
意大利 6.4 8.2 11.2 10.8 16.3 18.4
俄国 18.6 26 24.6 32.1 53.4 64.8

从这些数字中可以得出几点结论。奥匈正在滑出列强的行列，而意大利则还没有爬进去。英国人放弃了想成为一个大陆规模的军事强国的尝试(1900年的数字当然反映了波尔战争的额外费用)；但另一方面，它的海军不但始终领先，并且在20世纪中